938.02819
1336.615478
1576.671624
1816.698328
2056.735638
2296.759997
2536.777532
2776.886712
3016.897407
3256.916249
3496.93118
3736.94476
3977.056745
4217.066821
4457.081739
4697.098285
4937.126557
5177.148276
5417.262409
5657.2827
5897.309292
6137.313824
6377.410288
6617.420611
6857.444155
7097.463204
7577.568995
7817.567888
8057.587356
8297.616997
8537.637392
8777.756061
9017.783464
9257.801867
9497.822075
9737.83978
9977.86851
10217.972172
10457.992213
10698.004365
10938.035451
11178.062401
11418.086844
11658.10402
11898.125527
12138.245708
12378.27737
12618.294941
12858.31987
13098.332414
13338.334612
13578.453752
13818.471184
14058.490823
14298.508238
14538.531066
14778.547861
15018.667551
15258.683711
15498.705615
15738.725801
15978.745804
16218.765169
16458.882805
16698.913387
16938.930745
17178.952567
17418.967395
17658.987305
17899.009282
18139.03812
18379.158244
18619.179355
18859.199826
19099.206738
19339.231928
19819.341876
20059.357757
20299.379121
20539.408713
21019.526432
21259.549703
21499.56475
21739.58451
21979.599518
22219.624795
22459.733673
22699.747607
22939.766783
23179.779663
23419.89421
23659.90676
23899.918467
24139.937294
24379.947307
24619.975639
24860.095872
25100.110307
25340.126873
25580.145104
25820.155531
26060.277839
26300.300107
26540.306797
26780.325171
27020.349741
27260.362507
27500.476314
27740.487379
27980.505833
28220.521306
28460.541533
28940.667441
29180.684246
29420.700685
29660.711637
29900.827666
30140.841688
30380.86061
30620.875786
30860.991644
31100.992307
31341.015702
31581.03556
31821.044826
32301.187555
32541.220451
32781.235778
33021.264336
33261.28097
33501.305213
33741.328759
33981.449063
34221.470436
34461.496087
34701.512928
34941.534551
35181.541418
35421.659142
35661.687195
35901.700799
36141.727667
36381.747256
36621.771829
36861.785572
37341.920751
37581.946602
37821.964796
38061.989206
38302.002695
38542.120662
38782.133231
39022.147277
39262.171797
39502.183506
39742.204427
39982.31818
40222.336284
40462.367601
40702.383549
40942.414202
41182.429155
41422.449909
41662.571816
41902.579684
42142.601753
42382.620338
42622.633579
42862.739602
43102.753943
43342.759821
43582.783409
43822.802389
44062.825898
44302.941575
44542.960679
44782.980762
45022.989844
45263.01077
45503.130255
45743.154975
45983.169838
46223.186203
46463.197712
46703.218159
46943.248843
47183.359538
47423.365246
47663.372768
47903.382739
48143.50857
48383.530794
48623.549494
48863.558706
49103.586685
49343.605868
49583.633863
49823.745549
50063.761114
50303.777868
50543.794821
50783.802746
51023.91625
51263.941839
51503.952711
51743.965782
51983.985488
52224.012074
52464.113785
52704.125816
52944.147181
53184.167228
53424.185639
53664.292448
53904.303367
54144.318094
54384.333283
54624.442182
54864.45423
55104.464771
55344.486767
55584.504314
55824.626864
56064.653251
56304.648631
56544.661653
56784.684933
57024.806326
57264.828075
57504.856856
57744.872548
57984.885941
58224.91285
58464.928054
58705.045684
58945.057304
59185.092405
59425.091653
59665.211664
59905.228924
60145.241993
60385.268324
60625.286633
60865.305368
61105.422877
61345.453655
61585.463489
61825.495983
62065.519855
62305.551978
62545.569201
62785.584881
63025.615523
63265.644462
63505.774467
63745.785708
63985.808746
64225.820321
64465.837693
64705.854526
64945.970509
65185.988653
65426.010627
65666.017495
65906.040879
66146.117553
66386.13957
66626.169324
66866.189448
67106.207053
67346.320586
68086.135044
72400.620356
72640.629353
72880.687812
73120.653083
73360.701864
73600.754309
73840.816954
74080.867702
74320.816346
74560.872964
74800.920589
75040.957993
75280.999725
75521.02747
75761.04739
76001.152978
76241.16485
76481.18303
76721.200297
76961.226656
77201.245268
77441.35648
77681.373317
77921.394331
78161.425438
78401.420764
78641.53554
78881.570732
79121.583806
79361.608798
79601.633844
79841.653798
80081.673383
80321.713469
80561.734208
80801.857817
81041.884447
81281.908384
81521.937192
81761.964031
82001.991833
82242.013194
82482.041757
82722.067366
82962.184981
83202.193994
83442.212925
83682.241753
83922.264487
84162.281161
84402.400377
84642.423685
84882.438799
85122.46486
85362.476884
85602.498535
85842.523698
86082.637409
86322.65644
86562.677167
86802.710776
87042.735098
87282.758644
87692.425327
87932.433468
88172.458556
88412.512106
88652.542838
88892.564329
89132.56466
89372.672524
89612.691956
89852.728511
90092.752631
90332.778857
90572.798695
90812.834317
91052.859671
91292.878915
91533.008695
91773.043415
92013.059229
92253.074109
92493.091787
92733.119123
92973.122561
93213.241495
93453.26873
93693.301574
93933.30744
94173.331695
94413.360037
94653.474903
